0110000000000000
1111110000010000
0000000000000110
1110001100000001
0000000000001010
1110101010000111
0000000000000000
1110111010001000
0000000000001110
1110101010000111
0000000000000000
1110101010001000
0000000000001110
1110101010000111
0010000000000000
1110110000010000
0000000000000001
1110001100001000
0000000000000001
1111110000010000
0000000000010000
1110001100001000
0100000000000000
1110110000010000
0000000000010000
1111000010001000
0000000000000000
1111110000010000
0000000000010000
1111110000100000
1110001100001000
0000000000000001
1111110010010000
1110001100001000
0000000000010010
1110001100000011
0000000000000000
1110101010000111
